198.99736	197.19736	79904.35139	18385.85272
195.9946	194.1946	80941.30581	17192.39832
193.0022	191.2022	83285.46153	16044.5099
189.93942	188.13942	83777.00919	14937.96919
186.93144	185.13144	84662.40512	13832.78727
183.94501	182.14501	84520.35158	12916.72294
180.93259	179.13259	84141.87438	11903.96148
177.96719	176.16719	82767.27921	11174.17451
174.96536	173.16536	86120.40409	10525.23341
171.96541	170.16541	88600.75259	9795.088441
168.9579	167.1579	89264.91169	9320.337248
165.95299	164.15299	92092.46526	8520.577976
163.00471	161.20471	87603.30151	7974.477564
159.96143	158.16143	86648.99735	7262.236781
157.00932	155.20932	82956.14872	6724.886314
154.01074	152.21074	89880.43747	6359.327075
151.0002	149.2002	89246.08371	5838.228635
148.01138	146.21138	85095.49012	5341.358905
145.01686	143.21686	87271.14842	4956.787353
141.99759	140.19759	87459.96064	4541.620544
138.99815	137.19815	84599.27448	4143.669211
136.00366	134.20366	84282.01949	3854.256838
133.01015	131.21015	96960.79729	3703.579961
130.00607	128.20607	117316.5371	3637.779647
126.99619	125.19619	118300.6205	3554.810234
123.99899	122.19899	137345.9244	3426.614243
120.99858	119.19858	155623.6727	3361.092653
117.99467	116.19467	183760.1416	3255.426069
115.00686	113.20686	224978.9951	3138.222455
111.99516	110.19516	225975.7497	2961.913894
108.99589	107.19589	238702.5181	2824.149069
105.9987	104.1987	252023.6754	2647.587392
102.99708	101.19708	257207.6703	2434.36211
100.02046	98.22046	270284.7903	2324.545737
96.99811	95.19811	272349.3184	2162.734348
93.99914	92.19914	276155.2773	2048.40493
90.99817	89.19817	288223.9428	2102.512354
87.99773	86.19773	348399.6189	2066.217033
84.99905	83.19905	379028.9016	1814.469311
82.00043	80.20043	450231.3609	1788.668817
78.99821	77.19821	450696.88	1670.164574
77.98037	76.18037	479381.1662	1616.015776
76.98264	75.18264	476760.3198	1609.194327
75.98129	74.18129	489600.7715	1589.623201
74.98634	73.18634	495740.7469	1574.670396
73.98557	72.18557	497064.4186	1532.496504
72.97832	71.17832	484752.4137	1502.60046
71.98615	70.18615	478228.8394	1458.871105
70.9872	69.1872	467671.7269	1371.430574
69.98749	68.18749	409118.4155	1146.77542
69.99669	68.19669	421980.7342	827.5893069
69.01311	67.21311	122865.8743	746.9087015
68.0443	66.2443	86739.95895	613.3975078
67.02403	65.22403	52703.98725	512.0456298
66.0253	64.2253	43702.56507	480.5867459
65.03773	63.23773	42575.38237	466.6790654
64.01626	62.21626	44308.39606	463.7898723
63.01622	61.21622	45876.55014	456.5551879
61.95627	60.15627	46674.20464	454.8818379
60.96627	59.16627	49475.38236	449.8426262
59.98268	58.18268	51527.15916	442.1805015
58.98186	57.18186	52779.50028	434.8757303
57.97435	56.17435	54577.16535	431.6554617
56.98467	55.18467	56761.04036	421.8863729
55.99359	54.19359	57507.26684	420.4087042
54.99799	53.19799	60366.81235	412.4151831
53.99834	52.19834	61576.86964	410.5170766
53.00135	51.20135	66220.4455	405.1992667
51.99709	50.19709	66303.53935	404.6153109
50.98945	49.18945	71465.49745	409.3376795
49.9905	48.1905	57875.74494	413.8897635
48.99908	47.19908	64808.53305	415.0937617
48.00274	46.20274	73160.73457	411.7166198
47.0009	45.2009	77204.16716	409.1714275
45.99903	44.19903	77098.61416	408.5083371
45.6008	43.8008	86460.8296	409.3743618
45.18603	43.38603	86902.96451	407.0492204
44.82789	43.02789	89181.43737	404.1711861
44.3688	42.5688	89682.63292	407.6427073
43.97478	42.17478	94363.05751	407.721759
43.57996	41.77996	98017.93931	408.9778172
43.17244	41.37244	104767.1556	424.8392384
42.76848	40.96848	120884.6769	441.2175956
42.36951	40.56951	140386.817	461.9989929
41.96537	40.16537	168044.5676	493.9396419
41.56069	39.76069	206540.2163	522.5720117
41.16402	39.36402	244091.4422	547.9353736
40.75379	38.95379	284901.0425	578.8108296
40.35926	38.55926	325415.1685	590.2604391
39.95647	38.15647	349913.7837	601.5253138
39.55648	37.75648	366505.9563	597.8759481
39.18527	37.38527	368024.9695	589.453296
38.74972	36.94972	359316.0761	581.2516312
38.34723	36.54723	347761.0656	568.2860955
37.98819	36.18819	337193.5501	563.8073675
37.54594	35.74594	327939.5137	549.6980965
37.14018	35.34018	315927.348	545.3681904
36.74107	34.94107	308393.2573	535.5342393
36.34153	34.54153	299523.4654	530.2840802
35.93778	34.13778	292678.5746	519.2207569
35.53637	33.73637	282778.7369	504.8789027
35.13132	33.33132	273843.8905	499.7451366
34.73112	32.93112	269736.4996	488.9395276
34.33253	32.53253	267903.5627	486.7541743
33.93048	32.13048	269981.2853	480.539552
33.52995	31.72995	270420.175	476.9844712
33.12707	31.32707	269770.9111	469.6056937
32.72217	30.92217	264348.6513	460.1610796
32.32238	30.52238	258106.9105	456.1557025
31.92336	30.12336	252664.3895	448.8675102
31.51787	29.71787	256105.1084	458.6129651
31.11747	29.31747	280902.4541	478.0132467
30.71273	28.91273	332888.8927	516.8631312
30.30986	28.50986	399423.2947	545.4079637
29.91117	28.11117	448567.4333	561.1928536
29.50909	27.70909	460316.6784	548.7183925
29.10906	27.30906	436044.6485	531.0201021
28.706	26.906	404991.1273	513.9292017
28.30353	26.50353	386690.8952	508.9168212
27.90271	26.10271	379648.4097	504.1654262
27.49921	25.69921	379711.5312	509.3244645
27.09758	25.29758	380320.4862	506.3318629
26.69804	24.89804	378904.8908	511.284592
26.29902	24.49902	377068.0554	508.880672
25.89291	24.09291	376530.1612	512.776978
25.49468	23.69468	375821.8458	513.3107775
25.09333	23.29333	373290.229	518.0163092
24.69106	22.89106	360032.1859	502.9576845
24.28928	22.48928	340505.2749	494.1935441
23.88684	22.08684	343588.9132	495.4808109
23.4857	21.6857	383921.3322	519.3839393
23.0836	21.2836	433708.5274	532.2385984
22.68107	20.88107	479590.2589	550.4867999
22.2789	20.4789	505449.3485	557.2545663
21.87755	20.07755	528547.6187	571.051485
21.47462	19.67462	544574.7255	576.973022
21.07277	19.27277	557563.5438	595.975104
20.67101	18.87101	558615.9468	599.4335169
20.26872	18.46872	572760.2723	612.8904888
19.86562	18.06562	590795.8569	615.7348822
19.46418	17.66418	611981.8172	628.4278524
19.06231	17.26231	618139.8525	629.1332477
18.66052	16.86052	603462.6772	626.0659224
18.25909	16.45909	600316.2956	621.1864339
17.85815	16.05815	621845.0991	630.5296796
17.45465	15.65465	556912.6108	552.5036803
17.05237	15.25237	365569.0841	447.0433515
16.64994	14.84994	286380.5113	429.796527
16.24792	14.44792	271589.2411	437.2865567
15.84591	14.04591	255125.1163	428.3703831
15.44411	13.64411	286346.4094	459.8768549
15.04261	13.24261	340073.4325	489.1723663
14.64105	12.84105	365859.5581	502.2231415
14.23852	12.43852	398106.4262	517.6798368
13.83609	12.03609	411799.9847	530.9741066
13.43379	11.63379	415172.2459	539.4334939
13.03178	11.23178	424084.574	562.6907193
12.62942	10.82942	426926.027	569.8191162
12.22757	10.42757	439273.5472	595.12865
11.82504	10.02504	450163.7772	615.0747038
11.42302	9.62302	466077.6345	653.3669175
11.02086	9.22086	475952.7311	673.2321338
10.61891	8.81891	467576.328	706.1221995
10.21673	8.41673	539227.3875	795.4852207
9.81461	8.01461	622123.5294	891.0217005
9.41258	7.61258	585110.674	875.6864816
9.01135	7.21135	563072.876	921.0206286
8.60858	6.80858	515197.3031	921.3340829
8.2063	6.4063	442292.2242	868.9574645
7.80431	6.00431	367712.4962	831.7224719
7.40287	5.60287	311512.2992	847.6531387
7.00234	5.20234	207218.2151	754.5381001
