&input
asr='simple'
amass(1) = 1.00794
amass(2) = 15.9994
flfrc='IceIh.fc'
flfrq='IceIh.freq'
/
93
0.0000000	0.0000000	0.0000000	1.0
0.0000000	0.0000000	0.0416667	1.0
0.0000000	0.0000000	0.0833333	1.0
0.0000000	0.0000000	0.1250000	1.0
0.0000000	0.0000000	0.1666667	1.0
0.0000000	0.0000000	0.2083333	1.0
0.0000000	0.0000000	0.2500000	1.0
0.0000000	0.0000000	0.2916667	1.0
0.0000000	0.0000000	0.3333333	1.0
0.0000000	0.0000000	0.3750000	1.0
0.0000000	0.0000000	0.4166667	1.0
0.0000000	0.0000000	0.4583333	1.0
0.0000000	0.0000000	0.5000000	1.0
0.0166665	0.0166665	0.4750000	1.0
0.0333330	0.0333330	0.4500000	1.0
0.0499995	0.0499995	0.4250000	1.0
0.0666660	0.0666660	0.4000000	1.0
0.0833325	0.0833325	0.3750000	1.0
0.0999990	0.0999990	0.3500000	1.0
0.1166655	0.1166655	0.3250000	1.0
0.1333320	0.1333320	0.3000000	1.0
0.1499985	0.1499985	0.2750000	1.0
0.1666650	0.1666650	0.2500000	1.0
0.1833315	0.1833315	0.2250000	1.0
0.1999980	0.1999980	0.2000000	1.0
0.2166645	0.2166645	0.1750000	1.0
0.2333310	0.2333310	0.1500000	1.0
0.2499975	0.2499975	0.1250000	1.0
0.2666640	0.2666640	0.1000000	1.0
0.2833305	0.2833305	0.0750000	1.0
0.2999970	0.2999970	0.0500000	1.0
0.3166635	0.3166635	0.0250000	1.0
0.3333300	0.3333300	0.0000000	1.0
0.3333300	0.3333300	0.0416667	1.0
0.3333300	0.3333300	0.0833333	1.0
0.3333300	0.3333300	0.1250000	1.0
0.3333300	0.3333300	0.1666667	1.0
0.3333300	0.3333300	0.2083333	1.0
0.3333300	0.3333300	0.2500000	1.0
0.3333300	0.3333300	0.2916667	1.0
0.3333300	0.3333300	0.3333333	1.0
0.3333300	0.3333300	0.3750000	1.0
0.3333300	0.3333300	0.4166667	1.0
0.3333300	0.3333300	0.4583333	1.0
0.3333300	0.3333300	0.5000000	1.0
0.3437469	0.3124969	0.4687500	1.0
0.3541638	0.2916638	0.4375000	1.0
0.3645806	0.2708306	0.4062500	1.0
0.3749975	0.2499975	0.3750000	1.0
0.3854144	0.2291644	0.3437500	1.0
0.3958312	0.2083313	0.3125000	1.0
0.4062481	0.1874981	0.2812500	1.0
0.4166650	0.1666650	0.2500000	1.0
0.4270819	0.1458319	0.2187500	1.0
0.4374988	0.1249988	0.1875000	1.0
0.4479156	0.1041656	0.1562500	1.0
0.4583325	0.0833325	0.1250000	1.0
0.4687494	0.0624994	0.0937500	1.0
0.4791663	0.0416663	0.0625000	1.0
0.4895831	0.0208331	0.0312500	1.0
0.5000000	0.0000000	0.0000000	1.0
0.5000000	0.0000000	0.0416667	1.0
0.5000000	0.0000000	0.0833333	1.0
0.5000000	0.0000000	0.1250000	1.0
0.5000000	0.0000000	0.1666667	1.0
0.5000000	0.0000000	0.2083333	1.0
0.5000000	0.0000000	0.2500000	1.0
0.5000000	0.0000000	0.2916667	1.0
0.5000000	0.0000000	0.3333333	1.0
0.5000000	0.0000000	0.3750000	1.0
0.5000000	0.0000000	0.4166667	1.0
0.5000000	0.0000000	0.4583333	1.0
0.5000000	0.0000000	0.5000000	1.0
0.4750000	0.0000000	0.4750000	1.0
0.4500000	0.0000000	0.4500000	1.0
0.4250000	0.0000000	0.4250000	1.0
0.4000000	0.0000000	0.4000000	1.0
0.3750000	0.0000000	0.3750000	1.0
0.3500000	0.0000000	0.3500000	1.0
0.3250000	0.0000000	0.3250000	1.0
0.3000000	0.0000000	0.3000000	1.0
0.2750000	0.0000000	0.2750000	1.0
0.2500000	0.0000000	0.2500000	1.0
0.2250000	0.0000000	0.2250000	1.0
0.2000000	0.0000000	0.2000000	1.0
0.1750000	0.0000000	0.1750000	1.0
0.1500000	0.0000000	0.1500000	1.0
0.1250000	0.0000000	0.1250000	1.0
0.1000000	0.0000000	0.1000000	1.0
0.0750000	0.0000000	0.0750000	1.0
0.0500000	0.0000000	0.0500000	1.0
0.0250000	0.0000000	0.0250000	1.0
0.0000000	0.0000000	0.0000000	1.0
