&input
asr='simple'
amass(1) = 1.00794
amass(2) = 15.9994
flfrc='IceIh.fc'
flfrq='IceIh.freq'
/
          24
        0.0000000000    0.0000000000    0.0000000000    1.0
        0.0000000000    0.0000000000    0.1666666667    1.0
        0.0000000000    0.0000000000    0.3333333333    1.0
        0.0000000000    0.0000000000    0.5000000000    1.0
        0.0666660000    0.0666660000    0.4000000000    1.0
        0.1333320000    0.1333320000    0.3000000000    1.0
        0.1999980000    0.1999980000    0.2000000000    1.0
        0.2666640000    0.2666640000    0.1000000000    1.0
        0.3333300000    0.3333300000    0.0000000000    1.0
        0.3333300000    0.3333300000    0.1666666667    1.0
        0.3333300000    0.3333300000    0.3333333333    1.0
        0.3333300000    0.3333300000    0.5000000000    1.0
        0.3749975000    0.2499975000    0.3750000000    1.0
        0.4166650000    0.1666650000    0.2500000000    1.0
        0.4583325000    0.0833325000    0.1250000000    1.0
        0.5000000000    0.0000000000    0.0000000000    1.0
        0.5000000000    0.0000000000    0.1666666667    1.0
        0.5000000000    0.0000000000    0.3333333333    1.0
        0.5000000000    0.0000000000    0.5000000000    1.0
        0.4000000000    0.0000000000    0.4000000000    1.0
        0.3000000000    0.0000000000    0.3000000000    1.0
        0.2000000000    0.0000000000    0.2000000000    1.0
        0.1000000000    0.0000000000    0.1000000000    1.0
        0.0000000000    0.0000000000    0.0000000000    1.0
        